0 inf
0.01 inf
0.02 inf
0.03 inf
0.04 inf
0.05 inf
0.06 inf
0.07 inf
0.08 inf
0.09 inf
0.1 inf
0.11 inf
0.12 inf
0.13 inf
0.14 inf
0.15 inf
0.16 inf
0.17 inf
0.18 inf
0.19 inf
0.2 inf
0.21 inf
0.22 inf
0.23 inf
0.24 inf
0.25 inf
0.26 inf
0.27 inf
0.28 inf
0.29 inf
0.3 inf
0.31 inf
0.32 inf
0.33 inf
0.34 inf
0.35 inf
0.36 inf
0.37 inf
0.38 inf
0.39 inf
0.4 inf
0.41 inf
0.42 inf
0.43 inf
0.44 inf
0.45 inf
0.46 inf
0.47 inf
0.48 inf
0.49 inf
0.5 inf
0.51 inf
0.52 inf
0.53 inf
0.54 inf
0.55 inf
0.56 inf
0.57 inf
0.58 inf
0.59 inf
0.6 inf
0.61 inf
0.62 inf
0.63 inf
0.64 inf
0.65 inf
0.66 inf
0.67 inf
0.68 inf
0.69 inf
0.7 inf
0.71 inf
0.72 inf
0.73 inf
0.74 inf
0.75 inf
0.76 inf
0.77 inf
0.78 inf
0.79 inf
0.8 inf
0.81 inf
0.82 inf
0.83 inf
0.84 inf
0.85 inf
0.86 inf
0.87 inf
0.88 inf
0.89 inf
0.9 inf
0.91 inf
0.92 inf
0.93 inf
0.94 inf
0.95 inf
0.96 inf
0.97 inf
0.98 inf
0.99 inf
1 inf
1.01 inf
1.02 inf
1.03 inf
1.04 inf
1.05 inf
1.06 inf
1.07 inf
1.08 2380.02
1.09 2371.09
1.1 2362.46
1.11 2353.94
1.12 2345.55
1.13 2337.26
1.14 2329.1
1.15 2321.05
1.16 2313.1
1.17 2305.27
1.18 2297.54
1.19 2289.91
1.2 2282.39
1.21 2274.97
1.22 2267.65
1.23 2260.43
1.24 2253.31
1.25 2246.27
1.26 2239.34
1.27 2232.49
1.28 2225.74
1.29 2219.07
1.3 2212.49
1.31 2206
1.32 2199.59
1.33 2193.27
1.34 2187.03
1.35 2180.87
1.36 2174.79
1.37 2168.78
1.38 2162.86
1.39 2157.01
1.4 2151.24
1.41 2145.54
1.42 2139.92
1.43 2134.37
1.44 2128.89
1.45 2123.48
1.46 2118.14
1.47 2112.87
1.48 2107.66
1.49 2102.52
1.5 2097.45
1.51 2092.44
1.52 2087.5
1.53 2082.62
1.54 2077.8
1.55 2073.04
1.56 2068.35
1.57 2063.71
1.58 2059.13
1.59 2054.61
1.6 2050.15
1.61 2045.75
1.62 2041.4
1.63 2037.11
1.64 2032.87
1.65 2028.69
1.66 2024.56
1.67 2020.48
1.68 2016.46
1.69 2012.48
1.7 2008.56
1.71 2004.69
1.72 2000.87
1.73 1997.1
1.74 1993.37
1.75 1989.7
1.76 1986.07
1.77 1982.49
1.78 1978.96
1.79 1975.47
1.8 1972.03
1.81 1968.63
1.82 1965.27
1.83 1961.97
1.84 1958.7
1.85 1955.48
1.86 1952.3
1.87 1949.16
1.88 1946.06
1.89 1943.01
1.9 1940
1.91 1937.02
1.92 1934.09
1.93 1931.19
1.94 1928.34
1.95 1925.52
1.96 1922.75
1.97 1920.01
1.98 1917.3
1.99 1914.64
2 1912.01
2.01 1909.42
2.02 1906.86
2.03 1904.34
2.04 1901.86
2.05 1899.41
2.06 1896.99
2.07 1894.61
2.08 1892.27
2.09 1889.95
2.1 1887.67
2.11 1885.43
2.12 1883.21
2.13 1881.03
2.14 1878.88
2.15 1876.77
2.16 1874.68
2.17 1872.63
2.18 1870.6
2.19 1868.61
2.2 1866.65
2.21 1864.72
2.22 1862.81
2.23 1860.94
2.24 1859.1
2.25 1857.28
2.26 1855.5
2.27 1853.74
2.28 1852.01
2.29 1850.31
2.3 1848.64
2.31 1846.99
2.32 1845.37
2.33 1843.78
2.34 1842.22
2.35 1840.68
2.36 1839.17
2.37 1837.68
2.38 1836.23
2.39 1834.79
2.4 1833.38
2.41 1832
2.42 1830.65
2.43 1829.31
2.44 1828.01
2.45 1826.72
2.46 1825.46
2.47 1824.23
2.48 1823.02
2.49 1821.83
2.5 1820.67
2.51 1819.53
2.52 1818.41
2.53 1817.31
2.54 1816.24
2.55 1815.19
2.56 1814.17
2.57 1813.16
2.58 1812.18
2.59 1811.22
2.6 1810.28
2.61 1809.37
2.62 1808.47
2.63 1807.6
2.64 1806.74
2.65 1805.91
2.66 1805.1
2.67 1804.31
2.68 1803.54
2.69 1802.79
2.7 1802.06
2.71 1801.35
2.72 1800.66
2.73 1799.99
2.74 1799.34
2.75 1798.7
2.76 1798.09
2.77 1797.5
2.78 1796.92
2.79 1796.37
2.8 1795.83
2.81 1795.32
2.82 1794.82
2.83 1794.33
2.84 1793.87
2.85 1793.43
2.86 1793
2.87 1792.59
2.88 1792.2
2.89 1791.83
2.9 1791.47
2.91 1791.13
2.92 1790.81
2.93 1790.5
2.94 1790.22
2.95 1789.95
2.96 1789.69
2.97 1789.45
2.98 1789.23
2.99 1789.03
3 1788.84
3.01 1788.67
3.02 1788.51
3.03 1788.37
3.04 1788.25
3.05 1788.14
3.06 1788.05
3.07 1787.97
3.08 1787.91
3.09 1787.86
3.1 1787.83
3.11 1787.82
3.12 1787.82
3.13 1787.83
3.14 1787.86
3.15 1787.91
3.16 1787.96
3.17 1788.04
3.18 1788.13
3.19 1788.23
3.2 1788.34
3.21 1788.48
3.22 1788.62
3.23 1788.78
3.24 1788.95
3.25 1789.14
3.26 1789.34
3.27 1789.55
3.28 1789.78
3.29 1790.02
3.3 1790.28
3.31 1790.55
3.32 1790.83
3.33 1791.12
3.34 1791.43
3.35 1791.75
3.36 1792.09
3.37 1792.44
3.38 1792.8
3.39 1793.17
3.4 1793.55
3.41 1793.95
3.42 1794.36
3.43 1794.79
3.44 1795.22
3.45 1795.67
3.46 1796.13
3.47 1796.6
3.48 1797.09
3.49 1797.58
3.5 1798.09
3.51 1798.61
3.52 1799.14
3.53 1799.69
3.54 1800.24
3.55 1800.81
3.56 1801.39
3.57 1801.98
3.58 1802.58
3.59 1803.19
3.6 1803.82
3.61 1804.45
3.62 1805.1
3.63 1805.76
3.64 1806.43
3.65 1807.11
3.66 1807.8
3.67 1808.5
3.68 1809.21
3.69 1809.93
3.7 1810.67
3.71 1811.41
3.72 1812.17
3.73 1812.94
3.74 1813.71
3.75 1814.5
3.76 1815.3
3.77 1816.1
3.78 1816.92
3.79 1817.75
3.8 1818.59
3.81 1819.43
3.82 1820.29
3.83 1821.16
3.84 1822.04
3.85 1822.93
3.86 1823.83
3.87 1824.73
3.88 1825.65
3.89 1826.58
3.9 1827.51
3.91 1828.46
3.92 1829.42
3.93 1830.38
3.94 1831.36
3.95 1832.34
3.96 1833.33
3.97 1834.34
3.98 1835.35
3.99 1836.37
4 1837.4
4.01 1838.44
4.02 1839.49
4.03 1840.55
4.04 1841.61
4.05 1842.69
4.06 1843.77
4.07 1844.87
4.08 1845.97
4.09 1847.08
4.1 1848.2
4.11 1849.33
4.12 1850.46
4.13 1851.61
4.14 1852.76
4.15 1853.93
4.16 1855.1
4.17 1856.28
4.18 1857.46
4.19 1858.66
4.2 1859.86
4.21 1861.08
4.22 1862.3
4.23 1863.53
4.24 1864.76
4.25 1866.01
4.26 1867.26
4.27 1868.53
4.28 1869.79
4.29 1871.07
4.3 1872.36
4.31 1873.65
4.32 1874.95
4.33 1876.26
4.34 1877.58
4.35 1878.9
4.36 1880.23
4.37 1881.57
4.38 1882.92
4.39 1884.28
4.4 1885.64
4.41 1887.01
4.42 1888.39
4.43 1889.77
4.44 1891.16
4.45 1892.56
4.46 1893.97
4.47 1895.39
4.48 1896.81
4.49 1898.24
4.5 1899.67
4.51 1901.12
4.52 1902.57
4.53 1904.03
4.54 1905.49
4.55 1906.96
4.56 1908.44
4.57 1909.93
4.58 1911.42
4.59 1912.92
4.6 1914.43
4.61 1915.94
4.62 1917.46
4.63 1918.99
4.64 1920.52
4.65 1922.07
4.66 1923.61
4.67 1925.17
4.68 1926.73
4.69 1928.3
4.7 1929.87
4.71 1931.45
4.72 1933.04
4.73 1934.64
4.74 1936.24
4.75 1937.84
4.76 1939.46
4.77 1941.08
4.78 1942.7
4.79 1944.34
4.8 1945.98
4.81 1947.62
4.82 1949.27
4.83 1950.93
4.84 1952.6
4.85 1954.27
4.86 1955.94
4.87 1957.63
4.88 1959.32
4.89 1961.01
4.9 1962.71
4.91 1964.42
4.92 1966.13
4.93 1967.85
4.94 1969.58
4.95 1971.31
4.96 1973.05
4.97 1974.79
4.98 1976.54
4.99 1978.3
5 1980.06
5.01 1981.82
5.02 1983.6
5.03 1985.38
5.04 1987.16
5.05 1988.95
5.06 1990.75
5.07 1992.55
5.08 1994.35
5.09 1996.17
5.1 1997.99
5.11 1999.81
5.12 2001.64
5.13 2003.47
5.14 2005.31
5.15 2007.16
5.16 2009.01
5.17 2010.87
5.18 2012.73
5.19 2014.6
5.2 2016.47
5.21 2018.35
5.22 2020.24
5.23 2022.13
5.24 2024.02
5.25 2025.92
5.26 2027.83
5.27 2029.74
5.28 2031.65
5.29 2033.58
5.3 2035.5
5.31 2037.43
5.32 2039.37
5.33 2041.31
5.34 2043.26
5.35 2045.21
5.36 2047.17
5.37 2049.13
5.38 2051.1
5.39 2053.07
5.4 2055.05
5.41 2057.03
5.42 2059.02
5.43 2061.01
5.44 2063.01
5.45 2065.01
5.46 2067.02
5.47 2069.03
5.48 2071.05
5.49 2073.07
5.5 2075.1
5.51 2077.13
5.52 2079.16
5.53 2081.2
5.54 2083.25
5.55 2085.3
5.56 2087.36
5.57 2089.42
5.58 2091.48
5.59 2093.55
5.6 2095.62
5.61 2097.7
5.62 2099.79
5.63 2101.87
5.64 2103.97
5.65 2106.06
5.66 2108.17
5.67 2110.27
5.68 2112.38
5.69 2114.5
5.7 2116.62
5.71 2118.74
5.72 2120.87
5.73 2123
5.74 2125.14
5.75 2127.28
5.76 2129.43
5.77 2131.58
5.78 2133.74
5.79 2135.9
5.8 2138.06
5.81 2140.23
5.82 2142.4
5.83 2144.58
5.84 2146.76
5.85 2148.95
5.86 2151.14
5.87 2153.33
5.88 2155.53
5.89 2157.73
5.9 2159.94
5.91 2162.15
5.92 2164.36
5.93 2166.58
5.94 2168.81
5.95 2171.03
5.96 2173.27
5.97 2175.5
5.98 2177.74
5.99 2179.98
6 2182.23
